1588016809
1588018849
1588030429
1588031809
1588038889
1588042609
1588055389
1588059649
1588069909
1588071349
1588071649
1588084969
1588101109
1588101288
1588104409
1588104589
1588124809
1588131049
1588145929
1588165669
1588177429
1588197289
1588203589
1588206889
1588208209
1588208389
1588210189
1588213549
1588226629
1588231849
1588233109
1588236409
1588242769
1588265569
1588276249
1588283569
1588298509
1588300009
1588311949
1588312009
1588312909
1588321789
1588323349
1588325209
1588336489
1588355389
1588361209
1588364389
1588368289
1588368349
1588376749
1588384909
1588392049
1588392949
1588406209
1588415209
1588422049
1588434889
1588439929
1588451029
1588456669
1588462309
1588462849
1588464169
1588469629
1588481149
1588494289
1588499929
1588515409
1588526749
1588533649
1588543129
1588543489
1588550748
1588552669
1588573489
1588580869
1588582789
1588600909
1588609309
1588627669
1588633069
1588646509
1588658449
1588659589
