1588002794
1588021754
1588023854
1588033453
1588037054
1588053554
1588068074
1588071614
1588074914
1588078214
1588130294
1588157474
1588161074
1588191974
1588206434
1588215134
1588223474
1588236374
1588241954
1588244653
1588249274
1588253474
1588265594
1588288814
1588303394
1588307354
1588312814
1588317974
1588318514
1588338134
1588345994
1588348154
1588351334
1588366394
1588382114
1588388654
1588392914
1588405334
1588423634
1588424354
1588452854
1588454714
1588473554
1588500734
1588508594
1588508774
1588513874
1588524434
1588524554
1588528394
1588534034
1588539374
1588548134
1588550834
1588569734
1588572794
1588587854
1588590254
1588597694
1588625894
1588633394
1588634834
1588637294
1588641014
1588644734
1588674914
