1588000825
1588013185
1588057165
1588066285
1588069885
1588088305
1588112965
1588113925
1588119385
1588123045
1588167325
1588178965
1588219105
1588235485
1588258405
1588259425
1588266865
1588267165
1588285405
1588343305
1588360825
1588366465
1588385245
1588413445
1588413625
1588436185
1588443565
1588451005
1588466065
1588481125
1588484125
1588486945
1588505545
1588515025
1588550725
1588554505
1588562125
1588563985
1588565965
1588567644
1588592725
1588595605
1588602685
1588615885
1588651465
1588660285
1588661965
1588669825
1588694065
1588694425
1588716445
1588725565
1588734745
1588738885
1588766605
1588774105
1588779865
