1587998959
1587999260
1588016900
1588025000
1588033760
1588034720
1588051700
1588064480
1588071620
1588076480
1588078100
1588081340
1588082780
1588089740
1588093820
1588117760
1588146560
1588150220
1588186400
1588205240
1588222760
1588238240
1588239080
1588252280
1588255760
1588258400
1588259480
1588266800
1588267280
1588273700
1588301720
1588303700
1588307360
1588311680
1588314560
1588330040
1588334960
1588336760
1588349420
1588357160
1588375100
1588377740
1588385240
1588385300
1588387340
1588392200
1588398500
1588402040
1588402220
1588409960
1588413680
1588418720
1588424959
1588429940
1588433240
1588451420
1588471280
1588491320
1588496120
1588497800
1588503800
1588507460
