1588023376
1588063397
1588099637
1588106057
1588126097
1588133957
1588138997
1588153817
1588182857
1588188677
1588200137
1588243697
1588247357
1588259177
1588261277
1588270757
1588290617
1588296317
1588299917
1588325657
1588334897
1588381517
1588387277
1588389197
1588405457
1588408697
1588409777
1588411697
1588416737
1588421057
1588423097
1588423516
1588426217
1588433357
1588437257
1588439897
1588456637
1588459517
1588469777
1588481057
1588489337
1588513217
1588524257
1588526477
1588534097
1588550717
1588563197
1588597577
1588599557
1588619237
1588635377
1588638617
1588677376
1588696037
1588703957
1588712536
1588723097
