1588018566
1588018926
1588022226
1588031646
1588037046
1588039026
1588051686
1588066686
1588079586
1588081506
1588091166
1588093206
1588102866
1588106526
1588117506
1588129446
1588130766
1588145586
1588165386
1588190346
1588193646
1588197306
1588274346
1588292766
1588298166
1588329246
1588334406
1588338666
1588345986
1588352706
1588353486
1588355406
1588359006
1588372626
1588380006
1588402506
1588406226
1588417506
1588430226
1588430586
1588436885
1588441746
1588462926
1588469826
1588477986
1588492806
1588501326
1588512006
1588530246
1588539426
1588544826
1588545066
1588553406
1588567566
1588570865
1588575246
1588582746
1588590126
1588603266
1588606986
1588627806
1588642926
1588646826
1588654806
1588660146
1588667946
1588668066
1588678206
1588686126
1588688106
1588691406
1588717626
1588728726
1588732326
1588732626
1588768206
1588768506
1588776366
1588779966
1588782726
1588783746
1588785606
1588794606
1588803006
1588806126
1588810866
1588860306
1588863606
1588874706
1588896966
1588911186
1588912806
1588914426
1588915446
1588937166
1588963566
1588974066
1588977486
1588982886
1589000166
1589005446
1589023086
1589028366
1589031846
1589081346
1589091606
1589092086
1589139066
1589174586
1589256306
1589289486
1589300226
1589307366
1589310906
1589325006
1589326865
1589353146
1589372646
1589390226
