1588008837
1588013337
1588020477
1588027977
1588042557
1588053537
1588063437
1588095957
1588102557
1588104717
1588108437
1588116117
1588139337
1588157457
1588161117
1588175577
1588188237
1588216857
1588218417
1588242837
1588246557
1588252017
1588257237
1588257537
1588261377
1588268697
1588272477
1588287177
1588288977
1588294617
1588296297
1588311057
1588317957
1588320177
1588325097
1588328277
1588352697
1588377776
1588382337
1588383357
1588390557
1588391937
1588400397
1588408017
1588413657
1588428717
1588448277
1588449897
1588453197
1588473057
1588482597
1588482717
1588488717
1588495797
1588513197
1588518777
1588526997
1588551777
1588558437
1588588377
1588604217
1588608837
1588608897
1588610877
1588617657
1588620117
1588631217
1588643397
1588648377
1588648497
1588654197
1588659777
1588677357
1588679277
1588682637
1588687557
1588694037
1588718217
1588720017
