1588024387
1588038907
1588040347
1588075027
1588083307
1588127467
1588130287
1588155487
1588160766
1588162087
1588166587
1588174027
1588180507
1588195507
1588203547
1588213567
1588221667
1588226407
1588245967
1588253887
1588263966
1588269067
1588275607
1588303507
1588312987
1588316227
1588344907
1588346107
1588351087
1588351626
1588351687
1588378987
1588395247
1588400467
1588404247
1588408147
1588409767
1588411987
1588415107
1588417387
1588430047
1588432447
1588436167
1588456687
1588475527
1588477747
1588486027
1588505107
1588531747
