1588002249
1588006269
1588007169
1588043349
1588044369
1588068069
1588072989
1588080969
1588088109
1588088289
1588110249
1588115529
1588119549
1588173789
1588184649
1588186449
1588190228
1588195209
1588200969
1588201869
1588211769
1588216629
1588223349
1588226769
1588240929
1588250169
1588250949
1588255569
1588259409
1588270509
1588270568
1588272369
1588287189
1588288989
1588292649
1588297149
1588299969
1588321689
1588331649
1588354749
1588359668
1588364469
1588366149
1588369329
1588372089
1588394709
1588421049
1588423629
1588430589
1588454949
1588466229
1588471269
1588475408
1588514649
1588554489
1588556409
1588556589
1588590249
1588591029
1588595709
1588595949
1588601529
1588620189
1588624029
1588637229
1588646769
1588658409
1588667949
1588671249
1588682649
1588683129
1588686369
1588689429
1588690749
1588697589
1588698369
