1588008115
1588024135
1588035295
1588046935
1588049695
1588049875
1588066315
1588090135
1588095715
1588096315
1588100935
1588109515
1588121215
1588127755
1588132735
1588142695
1588185355
1588186975
1588198495
1588199155
1588205095
1588208635
1588220935
1588229995
1588233655
1588242055
1588250154
1588270555
1588276195
1588281835
1588283995
1588287235
1588299955
1588312795
1588316455
1588351075
1588357915
1588364395
1588368295
1588375075
1588379635
1588391035
1588396975
1588402135
1588408135
1588409935
1588417435
1588424455
1588431595
1588434355
1588459675
1588460395
1588464715
1588501855
1588502395
1588518895
1588522795
1588524235
1588529935
1588533535
1588536775
1588568155
1588569775
1588575175
1588616515
1588617535
1588636915
1588654315
1588660315
1588685035
