1587999123
1588000683
1588013283
1588018623
1588025223
1588032063
1588042023
1588053243
1588064463
1588071783
1588082883
1588089903
1588109343
1588110243
1588117863
1588149303
1588150143
1588180563
1588223223
1588229943
1588245903
1588247343
1588254243
1588255743
1588255803
1588268643
1588279863
1588281843
1588283643
1588288923
1588300443
1588321982
1588341543
1588369323
1588375683
1588377303
1588383783
1588390563
1588392843
1588432443
1588441803
1588449123
1588449723
1588454643
1588458483
1588474682
1588479063
1588488723
1588492503
1588511343
1588514763
1588516983
1588523463
1588526643
1588546563
1588548123
1588555863
1588575243
1588579623
1588582923
1588587783
1588590243
1588593843
1588594443
1588608963
1588614783
1588625763
1588633503
1588643043
