1587999347
1588010387
1588016867
1588020286
1588028807
1588055207
1588061267
1588066247
1588114427
1588114607
1588124867
1588133927
1588144786
1588160447
1588175267
1588179227
1588201787
1588208147
1588219127
1588220927
1588229987
1588272407
1588278046
1588298807
1588309127
1588336787
1588340507
1588343387
1588364747
1588367687
1588373987
1588375307
1588381487
1588383407
1588402127
1588406267
1588408127
1588415387
1588423067
1588426847
1588428587
1588446347
1588446407
1588471307
1588472807
1588487807
1588490567
1588499087
1588503767
1588505507
1588505627
1588522547
1588522667
1588522787
1588540067
1588550687
1588550867
1588567727
1588567847
1588568387
1588586087
1588586447
1588589387
1588601387
1588616567
1588620947
1588622087
1588627247
1588629767
1588651667
1588652146
1588676327
1588682627
