1588008027
1588020567
1588040787
1588053507
1588069947
1588075467
1588080927
1588093767
1588094847
1588103067
1588119567
1588121127
1588126707
1588151967
1588160847
1588165707
1588169007
1588193727
1588211727
1588217307
1588222707
1588224987
1588233207
1588242687
1588263087
1588264107
1588274607
1588296327
1588302087
1588314567
1588329927
1588330887
1588334847
1588336587
1588353447
1588370967
1588381587
1588392927
1588394787
1588394847
1588398627
1588404267
1588413327
1588415307
1588416927
1588419267
1588431567
1588433247
1588462407
1588464207
1588473507
1588474707
1588476327
1588477287
1588494327
1588507527
1588515087
1588515147
1588520667
1588532127
1588533447
1588538187
1588549047
1588559787
1588571547
1588573347
1588592127
1588594587
1588601487
1588607007
1588609167
1588610907
1588620087
1588625787
1588627227
1588629627
1588631547
1588644867
1588654467
1588658367
1588677867
1588696287
1588702887
1588709367
1588749807
1588749927
1588776507
1588800987
1588807587
1588810467
1588814187
1588829007
1588860327
1588870347
1588880427
1588907907
1588917747
1588921107
1588965327
1589024847
1589044167
1589052507
1589055087
1589066607
1589082807
1589088207
1589093847
1589099127
1589123247
1589141067
1589146107
1589161707
1589175567
1589175627
1589180907
1589191407
1589193147
1589209227
1589223386
