1588007908
1588010488
1588037128
1588044388
1588045288
1588049848
1588073608
1588084588
1588091968
1588095628
1588122808
1588129408
1588137508
1588141168
1588144288
1588153768
1588157428
1588161148
1588175608
1588191988
1588195468
1588208548
1588215208
1588249948
1588255228
1588255888
1588274368
1588285288
1588292668
1588295548
1588303648
1588314628
1588327588
1588331248
1588336768
1588347748
1588357228
1588375828
1588378828
1588396888
1588397128
1588428688
1588456228
1588471408
1588487908
1588503748
1588509388
1588519708
1588528408
1588533688
1588548928
1588548988
1588562248
1588577008
1588579108
1588581148
1588605148
1588608988
1588612708
1588616608
1588631488
1588635148
1588641088
1588650628
1588652308
1588652488
1588656208
1588662268
1588665388
1588679248
1588679848
1588686928
1588690767
1588722448
