1588007345
1588015325
1588015565
1588020545
1588040765
1588043645
1588050245
1588080905
1588108385
1588110665
1588146545
1588157465
1588158785
1588164725
1588187105
1588206845
1588210145
1588228205
1588233605
1588234505
1588241045
1588265705
1588287185
1588293905
1588354745
1588359785
1588366145
1588369805
1588377185
1588393805
1588439765
1588441685
1588448045
1588452965
1588455065
1588463045
1588484945
1588486805
1588500965
1588523345
1588535165
1588543205
1588548845
1588556585
1588579505
1588580945
1588582805
1588584665
1588592225
1588620425
1588624025
1588625825
1588627685
1588633385
1588650545
1588671725
1588678085
1588679345
1588682825
1588684265
1588684505
1588688225
1588694464
1588700165
1588707725
1588714205
1588730885
1588733045
1588744085
1588744505
1588761245
1588762925
1588763105
1588763225
1588770365
1588770425
1588787585
1588796045
1588801025
1588802825
1588802945
1588818065
1588821725
1588830665
1588838645
1588842185
1588845485
1588846205
1588855685
1588857005
1588857485
1588871824
1588876805
1588880105
1588911125
1588981265
1589054765
1589102165
1589139425
1589196665
1589196725
1589208185
1589218025
1589226905
1589266265
1589294945
1589314445
1589332085
1589402405
1589404205
1589409665
