1588035408
1588075428
1588079148
1588091388
1588094508
1588096488
1588097808
1588110228
1588112628
1588113888
1588142928
1588144728
1588151988
1588162908
1588213428
1588221708
1588232748
1588240908
1588259148
1588259448
1588264908
1588264968
1588270608
1588274388
1588291668
1588303728
1588307327
1588309248
1588320168
1588330008
1588332528
1588339908
1588359048
1588380828
1588385627
1588389108
1588397088
1588398528
1588413348
1588417068
1588418388
1588419288
1588421868
1588432428
1588433388
1588433508
1588462368
1588471608
1588487688
1588490628
1588490988
1588498068
1588499208
1588500048
1588513488
1588520388
1588522368
1588528068
1588550808
1588552908
1588571148
1588593948
1588594068
1588601028
1588614708
1588614767
1588627788
1588632168
1588639308
1588677408
1588679268
1588710888
1588711608
1588716108
1588718268
1588720128
1588732308
1588734828
1588740648
1588742568
1588761108
1588776108
1588776468
1588776588
1588778148
1588783068
1588797288
1588810428
1588812528
1588814388
1588815828
1588819908
1588824048
1588836768
1588851768
1588866768
1588870188
1588871868
1588875288
1588876788
1588884048
1588909488
1588909848
1588926408
1588940628
1588947528
1588981128
1589008968
1589013768
1589026608
1589041008
1589060688
1589068848
1589074128
1589074908
1589113188
1589121528
1589125008
1589132028
1589156988
1589161488
1589172828
1589211708
1589219868
1589245188
1589309088
1589351388
1589356668
1589417748
1589425427
1589427228
1589433588
