1588002414
1588004394
1588011534
1588033734
1588044414
1588046214
1588063134
1588079094
1588094334
1588122534
1588124874
1588128534
1588141134
1588147254
1588154274
1588166514
1588168674
1588218294
1588219134
1588241934
1588247454
1588261254
1588272774
1588279974
1588290894
1588292214
1588296294
1588296354
1588303674
1588305474
1588311954
1588312914
1588336794
1588344234
1588363074
1588364514
1588369434
1588372074
1588372134
1588377414
1588379753
1588406754
1588415634
1588416954
1588446354
1588451094
1588461414
1588469514
1588471614
1588482474
1588489554
1588489674
1588494234
1588512234
1588523574
1588531854
1588556094
1588558494
1588571634
1588577874
1588579614
1588589574
1588608954
1588621194
1588625994
1588628874
1588628994
1588629714
1588633254
1588640214
1588663854
1588690794
1588694634
1588695714
1588696314
1588697334
1588711013
1588730754
1588753914
1588760814
1588763274
1588766634
1588771554
1588785654
1588812234
1588827414
1588830654
1588838574
1588853694
1588855374
1588857054
1588860294
1588861194
1588870194
1588874754
1588880154
1588883514
1588900614
1588904334
1588919394
1588942374
1588994814
1589025954
1589047734
1589062134
1589076714
1589083254
1589107434
1589116254
1589133954
1589144694
1589161494
1589172054
1589190414
1589206794
1589232174
1589240934
1589263254
1589279154
1589351514
1589356794
1589383194
1589383374
1589404374
1589446434
1589467614
1589490834
1589492574
1589493594
1589499534
1589508954
1589519514
1589529054
1589530074
1589545673
1589552514
