1588004604
1588005444
1588013304
1588022304
1588046664
1588048584
1588111164
1588112784
1588115724
1588150164
1588162944
1588177404
1588181064
1588199124
1588206384
1588206744
1588211844
1588222764
1588239144
1588243704
1588249104
1588251984
1588270404
1588276224
1588277304
1588289064
1588294704
1588309224
1588323864
1588328364
1588333104
1588338624
1588341624
1588354343
1588356384
1588361424
1588362744
1588375884
1588392804
1588395444
1588396644
1588415604
1588426884
1588441764
1588449924
1588479504
1588481004
1588497684
1588518564
1588525104
1588538544
1588560324
1588566264
1588569684
1588571424
1588577124
1588612464
1588612584
1588614684
1588616664
1588631484
1588635264
1588635324
1588639344
1588643004
1588643064
1588654884
1588655844
1588692984
1588699224
1588739124
1588747884
1588768464
1588774164
1588774824
1588784064
1588787604
1588788204
1588806144
1588809444
1588816044
1588829304
1588831224
1588843824
1588848804
1588857504
1588868544
1588875144
1588876824
1588885164
1588898004
1588902864
1588904724
1588909884
1588914444
1588917384
1588919364
1588954764
1588970544
1588998384
1589051244
1589053644
