1588004550
1588011630
1588027950
1588040730
1588046370
1588047990
1588048050
1588051710
1588055190
1588060890
1588068330
1588119330
1588123110
1588130310
1588132410
1588144350
1588146510
1588159290
1588167030
1588168350
1588182150
1588190010
1588200990
1588215450
1588223310
1588228170
1588228290
1588228410
1588263150
1588267410
1588274069
1588283550
1588289010
1588290930
1588292730
1588300050
1588308390
1588309230
1588325670
1588338750
1588340490
1588357170
1588362630
1588370190
1588378410
1588379610
1588385610
