1588008022
1588018642
1588029802
1588031482
1588033102
1588033462
1588043662
1588049902
1588051401
1588057222
1588059021
1588061782
1588068082
1588071742
1588073242
1588074861
1588079722
1588110982
1588114582
1588134382
1588141102
1588142962
1588190062
1588213342
1588217302
1588228162
1588240042
1588244002
1588244662
1588249162
1588257502
1588278022
1588280602
1588293862
1588307302
1588323442
1588338142
1588348042
1588349782
1588353382
1588378942
1588385602
1588387162
1588396582
1588397122
1588411702
1588456222
1588471162
1588489462
1588497442
1588497562
1588501822
1588528402
1588532242
1588543522
1588545022
1588549162
1588550842
1588554502
1588567762
1588569622
1588571542
1588581262
1588584442
1588592122
1588597582
1588599442
1588610842
1588612762
1588613002
1588613122
1588625782
1588641022
1588656082
1588683082
1588699582
1588699822
1588704022
1588708762
1588725682
1588726882
1588732522
1588734982
1588736302
1588749562
1588749922
1588750042
1588757362
1588759942
1588764622
1588770082
1588791442
1588791502
1588794382
1588806802
1588825702
1588827382
1588835602
1588838602
1588860322
1588898782
1588919422
1588935202
1588949422
1588960582
1588968682
1588977742
1588992982
1589011942
1589022562
1589047702
1589061321
1589103922
1589148202
1589158642
1589165002
1589204662
1589239222
