1588013773
1588018633
1588036753
1588058473
1588073653
1588076593
1588116253
1588118773
1588119313
1588123633
1588126633
1588132693
1588144753
1588147513
1588155793
1588155912
1588175593
1588181053
1588197373
1588210033
1588213633
1588222753
1588228273
1588240933
1588249153
1588250953
1588266793
1588272433
1588292713
1588298052
1588303513
1588321813
1588321993
1588334953
1588370233
1588371793
1588377073
1588377733
1588393693
1588395553
1588404133
1588409773
1588417033
1588420033
1588422733
1588451053
1588458493
1588460353
1588464193
1588466113
1588474453
1588479073
1588492393
1588496113
1588497973
1588505413
1588511353
1588539493
1588541293
1588541713
1588567753
1588575253
1588601473
1588605853
1588620313
1588622293
1588633333
1588634713
1588642093
1588661833
1588664893
1588671793
1588674793
1588684993
1588685053
1588687033
