1588004516
1588018856
1588028516
1588061756
1588077296
1588086416
1588086476
1588111136
1588170236
1588173776
1588182896
1588224536
1588237316
1588239656
1588245896
1588255856
1588262456
1588263836
1588274336
1588279076
1588295396
1588334936
1588336496
1588343156
1588347776
1588355336
1588362656
1588375196
1588387136
1588398536
1588402376
1588415216
1588421096
1588424936
1588427876
1588449776
1588457876
1588466336
1588484876
1588533236
1588539656
1588545056
1588550756
1588584656
1588586516
1588602776
1588606076
1588610756
1588610816
1588616636
1588622156
1588622276
1588629835
1588653236
1588663736
1588666676
1588676216
1588676336
1588697576
1588697936
1588698056
1588698296
1588710656
1588718275
1588720136
1588724096
