1588000883
1588027163
1588084823
1588097483
1588102763
1588106543
1588124483
1588126163
1588168343
1588177223
1588196963
1588211783
1588231583
1588231703
1588267463
1588296383
1588298182
1588310303
1588317863
1588349663
1588361543
1588366403
1588372643
1588400483
1588406003
1588413743
1588426103
1588426223
1588426823
1588438043
1588444703
1588449143
1588449803
1588461443
1588467983
1588475363
1588479383
1588482503
1588503203
1588503683
1588506503
1588509443
1588513763
1588516883
1588535183
1588538183
1588541423
1588543163
1588548983
1588557623
1588558343
1588567583
1588569743
1588588403
1588590143
1588590323
1588591043
1588610603
1588612703
1588616603
1588619183
1588619303
1588650023
1588654403
1588655963
1588662263
1588696403
1588702883
1588708643
1588713503
1588719863
1588721123
1588722563
1588740143
1588761023
1588761923
1588763123
1588770323
1588772243
1588784663
1588791083
1588814183
1588840523
1588849883
1588850423
1588865003
1588871963
1588876463
1588887683
1588887803
1588888343
1588894703
1588906283
1588911683
1588913543
1588917743
1588924763
1588944203
1588961603
1588979363
1588984643
1588998323
1589005883
1589006723
1589030123
1589044523
1589116223
1589125283
1589140823
1589146343
1589198423
1589225843
1589226203
1589265083
1589287403
1589296223
1589328623
1589345543
1589356103
1589360183
1589402543
1589405963
1589504903
1589510303
1589534903
1589556083
1589568323
