1588013922
1588026042
1588142922
1588143942
1588159122
1588163742
1588173822
1588181142
1588182882
1588190322
1588240062
1588245462
1588265502
1588268682
1588281762
1588287282
1588294542
1588358022
1588367682
1588367922
1588382142
1588383762
1588392882
1588392942
1588406022
1588411782
1588421142
1588423122
1588434342
1588456242
1588462842
1588471662
1588482942
1588485222
1588491102
1588497462
1588499202
1588525242
1588535682
1588560222
1588573422
1588579002
1588588422
1588592682
1588597542
1588606962
1588607502
1588614762
1588615062
1588639182
1588642002
1588649622
1588656462
1588663002
1588678002
1588681002
1588686941
1588697562
1588709382
1588717482
1588722042
1588730622
1588742562
1588742622
1588742742
1588748922
1588753782
1588755462
1588761282
1588786302
1588796022
1588819122
1588825782
1588834002
1588840482
1588865262
1588866822
1588868742
1588880202
1588898802
1588901322
1588909482
1588914462
1588919262
1588926402
1588945962
1588951182
1588957062
1588970442
1588979502
1588984782
1588998402
1589008422
1589089962
1589095602
1589147862
1589156682
1589162262
1589165082
1589187942
1589240262
1589240922
1589266842
