1588004061
1588015641
1588022361
1588028781
1588029861
1588031601
1588036341
1588040361
1588044441
1588053021
1588090161
1588106361
1588110261
1588164021
1588168401
1588170201
1588179261
1588186941
1588188681
1588210281
1588219101
1588238121
1588253841
1588285401
1588285641
1588293741
1588296861
1588303761
1588305501
1588318401
1588325721
1588329381
1588338381
1588342401
1588382361
1588387221
1588394841
1588445421
1588446381
1588474461
1588483341
1588520661
1588524201
1588524561
1588533501
1588533861
1588538421
1588569501
1588579101
1588584621
1588603401
1588615761
1588616001
1588627521
1588641861
1588642881
1588650561
1588664181
1588671441
1588688841
1588692441
1588696341
1588712541
1588712661
1588722021
1588724361
1588724961
1588732341
1588733181
1588744521
1588753701
1588755441
1588757481
1588782741
1588784181
1588799061
1588819101
1588865241
1588865301
1588873641
1588889721
1588893321
1588955301
1588979241
1588979421
1588987761
1589000601
1589012001
1589017281
1589022441
1589030901
1589033661
1589121981
1589166981
1589176341
1589226141
1589248701
1589249241
1589268021
1589315601
1589323281
1589402721
1589412981
1589460681
1589467101
1589494461
1589499741
