1588017211
1588023871
1588026151
1588058971
1588081531
1588086451
1588089751
1588123051
1588164691
1588206391
1588235431
1588285531
1588293571
1588294651
1588301791
1588331670
1588338151
1588341511
1588346371
1588392871
1588400491
1588409791
1588428271
1588466071
1588476211
1588479151
1588482991
1588483110
1588484131
1588515751
1588520791
1588528291
1588531590
1588534111
1588535611
1588538191
1588559671
1588584451
1588590691
1588607731
1588619491
1588622491
1588631611
1588633531
1588641031
1588646731
1588652131
1588654351
1588658371
1588664911
1588675531
1588676731
1588679731
1588702051
1588708891
1588709491
1588709731
