1588010700
1588023840
1588037100
1588049880
1588111320
1588132140
1588142580
1588146000
1588170180
1588204560
1588206840
1588216740
1588226520
1588242360
1588242600
1588245540
1588246500
1588250940
1588270980
1588272060
1588272780
1588283520
1588283880
1588333200
1588334400
1588346100
1588369800
1588372620
1588375080
1588384020
1588404300
1588405920
1588429920
1588443180
1588449840
1588462380
1588464240
1588467900
1588479180
1588489560
1588505580
1588518900
1588529880
1588531740
1588536660
1588560360
1588563960
1588569660
1588571580
1588573440
1588581180
1588586640
1588599480
1588601040
1588606920
1588615320
1588627380
1588637280
1588638480
1588640100
1588650660
1588653960
1588659900
1588663620
1588665540
1588684980
1588694400
1588698180
1588707599
1588724940
1588737360
1588743840
1588749840
1588750679
1588796040
1588799640
1588814160
1588824060
1588827360
1588827420
1588857060
1588859340
1588866960
1588871820
1588872900
1588880100
1588883400
1588885920
1588888320
1588900560
1588901220
1588906140
1588922880
1588922940
1588933440
1588966920
1588977600
1588998840
1589001780
1589010180
1589010240
1589020800
1589034420
1589037180
1589114940
1589128560
1589158440
1589184420
1589185140
1589191380
1589198640
1589218740
1589247240
1589257980
1589275080
1589298540
1589319660
1589346180
1589346240
1589384820
1589393100
1589423040
1589432340
1589483880
1589488980
