1588002155
1588011575
1588016795
1588020455
1588038935
1588059815
1588062635
1588073675
1588077935
1588091555
1588104695
1588112135
1588161095
1588162415
1588164155
1588166494
1588181855
1588182275
1588190435
1588196855
1588211795
1588216775
1588236635
1588255115
1588262195
1588264055
1588274015
1588276295
1588285295
1588333295
1588348235
1588358135
1588370195
1588370975
1588373975
1588375115
1588379735
1588385315
1588389215
1588390295
1588400435
1588406975
1588422695
1588423055
1588428575
1588434335
1588437995
1588491215
1588496135
1588503515
1588505675
