1588020577
1588023577
1588030417
1588037077
1588038397
1588066237
1588088257
1588125817
1588137637
1588139316
1588151977
1588159297
1588171957
1588172017
1588191817
1588239097
1588246537
1588247617
1588252597
1588260817
1588267237
1588270837
1588273957
1588277017
1588278157
1588287337
1588290457
1588290937
1588301677
1588302097
1588307257
1588316197
1588318417
1588323457
1588327477
1588353577
1588355377
1588375897
1588382257
1588421677
1588437157
1588440037
1588461156
1588481017
1588483237
1588488757
1588501897
1588505557
1588506817
1588531717
1588533697
1588536757
