1588009046
1588024286
1588026866
1588028006
1588038686
1588041686
1588055366
1588064426
1588069706
1588070006
1588077266
1588102886
1588106186
1588110326
1588122986
1588144226
1588173626
1588175546
1588179266
1588182206
1588201946
1588208186
1588215446
1588220066
1588230026
1588243646
1588248446
1588274486
1588287206
1588298066
1588298126
1588298846
1588305266
1588316426
1588318286
1588320086
1588338266
1588349726
1588357166
1588364606
1588366346
1588381526
1588384886
1588385006
1588398566
1588398866
1588425986
1588447225
1588451426
1588452926
1588454606
1588464326
1588467866
1588474586
1588480826
1588482986
1588483226
1588484906
1588492526
1588524206
1588528646
1588534106
