1587999283
1588005703
1588009783
1588015063
1588017283
1588026223
1588050223
1588053523
1588060123
1588066123
1588067743
1588079143
1588086463
1588097443
1588107703
1588116223
1588117603
1588150183
1588153902
1588187023
1588197343
1588199143
1588211923
1588245343
1588248402
1588253923
1588259143
1588260823
1588262323
1588264963
1588270723
1588307143
1588318063
1588327603
1588343263
1588362643
1588370323
1588378843
1588389103
1588394743
1588396603
1588413343
1588421083
1588431883
1588435123
1588438003
1588464703
1588474483
1588484923
1588488643
1588502383
1588509343
1588510243
1588513003
1588520323
1588522662
1588533883
1588535622
1588552483
1588556683
1588564963
1588577082
1588577863
1588601143
1588623943
1588635283
1588639063
1588644763
1588657723
1588657843
1588666303
1588671763
1588691203
1588703923
1588707703
1588718203
1588736503
1588739023
1588742443
1588768423
1588779763
1588783723
1588785703
1588791643
1588794583
1588799083
1588804303
1588809223
1588812523
1588821703
1588827343
1588827403
1588838923
1588843843
1588845463
1588852063
1588855363
1588855723
1588858663
1588861182
1588868563
1588868623
1588870183
1588885903
1588906243
1588916083
1588930123
1588956463
1588967023
1588981003
1589007643
1589030083
1589032663
1589035363
1589045923
1589055403
1589063083
1589068363
1589121763
1589126803
1589158483
1589175583
1589177323
1589198743
1589217403
1589227603
1589251003
1589269783
1589271883
1589289163
1589317363
1589361943
1589391343
1589404483
1589457343
