1588008989
1588012349
1588022189
1588030469
1588032089
1588033469
1588041269
1588051889
1588054889
1588057169
1588061789
1588079129
1588082969
1588102949
1588108409
1588115729
1588119389
1588129109
1588131089
1588135709
1588148309
1588184669
1588202789
1588208489
1588218509
1588220969
1588231469
1588238009
1588249289
1588257569
1588265489
1588281749
1588295849
1588309109
1588310369
1588338689
1588346488
1588347809
1588366469
1588371569
1588378949
1588381469
1588389929
1588396469
1588405109
1588405409
1588443629
