1588012275
1588028774
1588055415
1588061475
1588064775
1588071735
1588091955
1588097475
1588097955
1588099455
1588121235
1588124175
1588131075
1588135755
1588148355
1588148895
1588152195
1588171935
1588188255
1588195275
1588204635
1588215555
1588219935
1588231815
1588239255
1588257555
1588266735
1588280595
1588280715
1588301835
1588303695
1588325715
1588331715
1588349715
1588356495
1588362855
1588373775
1588379055
1588379655
1588385594
1588394835
1588400595
1588408155
1588419255
1588420335
1588429935
1588431615
1588433475
1588435155
1588445355
1588447995
1588451535
1588454595
1588454835
1588462335
1588492575
1588496055
1588508715
1588508835
1588517055
1588520295
1588522335
1588527975
1588545135
1588551795
1588577055
1588580955
1588586595
1588599255
1588601355
1588618275
1588625715
1588629435
1588630635
1588630755
1588644915
1588654875
1588658175
1588661475
1588661715
1588662315
1588664175
1588666155
1588679355
1588686135
1588692435
1588700655
1588707554
1588713435
1588719195
