1588006262
1588008062
1588020482
1588031582
1588040342
1588055342
1588073642
1588095602
1588097582
1588101062
1588101422
1588109042
1588113902
1588122841
1588124882
1588141142
1588152482
1588153802
1588164062
1588171982
1588175582
1588177322
1588231562
1588240982
1588241822
1588244702
1588246562
1588250162
1588275722
1588278662
1588281962
1588303622
1588317842
1588321682
1588323842
1588347782
1588351622
1588380722
1588388882
1588389062
1588402262
1588406282
1588415282
1588424341
1588427942
1588434302
1588461302
1588461422
1588469522
1588477742
1588482962
1588488662
1588511222
1588513142
1588517102
1588530362
1588544942
1588554722
1588558442
1588561322
1588568162
1588602782
1588637162
1588646822
1588648382
1588650422
1588661642
1588668062
1588669862
1588669922
1588704902
1588705922
1588707842
