1588024392
1588029792
1588046292
1588049952
1588080012
1588084572
1588086612
1588090092
1588093032
1588094712
1588098132
1588106592
1588114272
1588117152
1588120392
1588126692
1588137552
1588139292
1588147572
1588150992
1588162932
1588197012
1588203432
1588206372
1588234752
1588234872
1588247652
1588252572
1588255752
1588272312
1588290252
1588300032
1588300452
1588301712
1588311012
1588314552
1588324992
1588354872
1588364412
1588366032
1588376952
1588385352
1588387332
1588388172
1588398612
1588402152
1588402392
1588427952
1588441752
1588459512
1588467912
1588469532
1588477992
1588479192
1588482492
1588482912
1588496172
1588509312
1588511232
1588541532
1588553292
1588558331
1588584732
1588595832
1588644851
1588657932
1588658052
1588671732
1588673712
1588681572
1588683012
1588684812
1588705811
1588710912
1588757412
1588759272
1588759392
1588776372
