1588006358
1588031558
1588048598
1588051598
1588056338
1588069898
1588086398
1588115678
1588122878
1588137338
1588172378
1588173938
1588188758
1588202738
1588221578
1588225118
1588231778
1588282238
1588301858
1588305038
1588312838
1588320158
1588338217
1588349798
1588356278
1588373438
1588388918
1588394738
1588403797
1588410038
1588410338
1588417478
1588421078
1588449938
1588458158
1588460498
1588464578
1588464698
1588471658
1588476098
1588490558
1588499918
1588526138
1588535738
1588548458
1588556618
1588588478
1588589438
1588607018
1588607738
1588635398
1588637318
1588643018
1588643678
1588644698
1588655018
1588664198
1588667918
1588668038
1588688798
1588708778
1588732298
1588740098
1588745978
1588747898
1588751798
1588759598
1588761098
1588770338
1588778138
