1588008738
1588008798
1588010418
1588015038
1588026618
1588030158
1588046957
1588062677
1588077318
1588084638
1588096158
1588099278
1588102938
1588130298
1588142298
1588152498
1588164738
1588168998
1588177398
1588191858
1588229958
1588289058
1588292718
1588300038
1588316478
1588344798
1588354338
1588362678
1588375878
1588380858
1588382478
1588390938
1588404138
1588408038
1588419258
1588420218
1588436538
1588437138
1588439957
1588468098
1588484898
1588501878
1588505418
1588509318
1588509378
1588509498
1588518378
1588520898
1588529898
1588532238
1588549998
1588550118
1588569618
1588569678
1588569738
1588578918
1588587738
1588597518
1588597638
