1588001108
1588004108
1588011428
1588053488
1588058468
1588060148
1588068128
1588079888
1588082768
1588099208
1588106228
1588112288
1588113908
1588117568
1588127768
1588155788
1588159088
1588162508
1588199168
1588226348
1588229828
1588236368
1588239068
1588240028
1588240148
1588256768
1588260548
1588308788
1588314608
1588318328
1588339868
1588349708
1588354628
1588360808
1588369928
1588375868
1588388168
1588388888
1588398848
1588400168
1588403768
1588411748
1588422728
1588426928
1588438568
1588440788
1588447268
1588462808
1588486148
1588486268
1588498088
1588500848
1588509428
1588510628
1588516748
1588530128
1588533728
1588541528
1588543088
1588546568
1588546808
1588558448
1588560368
1588568107
1588576208
1588590308
1588595828
1588608848
1588620308
1588623908
1588637288
1588644908
1588664648
1588679528
1588684268
1588692488
1588692728
1588697468
1588702088
1588703948
1588707608
1588717148
1588719188
