1588022213
1588035113
1588042553
1588042613
1588042973
1588056833
1588057193
1588060793
1588078373
1588083173
1588084793
1588088093
1588106573
1588112933
1588175573
1588190033
1588193633
1588211693
1588213613
1588237433
1588266773
1588279853
1588287173
1588289033
1588295213
1588322033
1588332533
1588333073
1588336613
1588358993
1588364453
1588364633
1588366373
1588373933
1588396673
1588402493
1588403693
1588407053
1588426853
1588428653
1588435313
1588443173
1588443593
1588449893
1588459553
1588459793
1588483253
1588494293
1588499093
1588499873
1588512113
1588516733
