1588015112
1588053512
1588083152
1588088252
1588106552
1588107872
1588126712
1588142972
1588151972
1588152632
1588155632
1588160732
1588177412
1588184612
1588238132
1588248992
1588279892
1588298792
1588316492
1588322012
1588328372
1588336892
1588351052
1588351652
1588356272
1588378832
1588383392
1588391012
1588397012
1588404332
1588411772
1588413332
1588429952
1588432472
1588441412
1588454912
1588456232
1588494212
1588507472
1588509512
1588510472
1588518572
1588519592
1588521692
1588534892
1588539512
1588543112
1588547012
1588548452
1588562252
1588569212
1588580912
1588589432
1588601132
1588618412
1588646552
1588652432
1588666112
1588676612
1588695692
1588703252
1588709252
1588722992
1588730612
1588738892
1588745972
1588746392
1588755512
1588761332
1588763252
1588764632
1588769852
1588773212
1588774952
1588782992
1588799612
1588827392
1588840532
1588855352
1588855412
1588883372
1588884032
1588885892
1588899752
1588907912
1588909952
1588914452
1588924652
1588970552
1588970612
1589029472
1589030132
