1587999064
1588000984
1588003924
1588005544
1588024204
1588035244
1588035364
1588040044
1588064404
1588068364
1588071724
1588091404
1588101244
1588102924
1588133884
1588133944
1588141024
1588155604
1588159204
1588159264
1588180624
1588192084
1588200304
1588224544
1588226644
1588294564
1588296304
1588306744
1588320064
1588329304
1588333084
1588344724
1588355344
1588362964
1588372024
1588383244
1588394824
1588400404
1588403464
1588404304
1588408804
1588411684
1588415584
1588426624
1588438023
1588445404
1588458124
1588466104
1588481044
1588492384
1588501444
1588508824
1588516804
1588517944
1588520284
1588526224
1588555744
1588556404
1588558024
