1588000604
1588002764
1588013684
1588026104
1588042004
1588048004
1588066424
1588069904
1588087844
1588093784
1588099304
1588119404
1588126124
1588140644
1588168364
1588169084
1588181024
1588185464
1588195484
1588205204
1588224584
1588237244
1588263944
1588268744
1588283624
1588285544
1588309184
1588312844
1588329344
1588331204
1588338644
1588346024
1588347824
1588358984
1588373924
1588374044
1588392164
1588407164
1588418684
1588438424
1588443584
1588458464
1588458524
1588466084
1588469804
1588479643
1588513544
1588522303
1588526863
1588537544
1588552784
1588574563
1588575224
1588577744
1588588484
1588590284
1588592204
1588597604
1588599524
1588603244
1588604324
1588609304
1588612784
1588622204
1588627784
1588637324
1588639304
1588640984
1588649804
1588656524
1588658384
1588663244
