1588001041
1588002301
1588045021
1588082761
1588093801
1588104181
1588105801
1588115941
1588155661
1588190041
1588217341
1588262461
1588265761
1588265821
1588275661
1588292101
1588310941
1588325221
1588326781
1588341661
1588396681
1588398541
1588400581
1588409941
1588423321
1588459560
1588481041
1588481161
1588508701
1588512121
1588513081
1588526101
1588536541
1588539541
1588555981
1588560241
1588587901
1588599361
1588603381
1588606981
1588610881
1588624141
1588635301
1588654321
1588663381
1588664221
1588697341
1588723681
1588727461
1588730641
1588734061
1588736281
1588740541
1588744741
1588747381
1588768441
1588791481
1588799581
1588804321
1588810861
1588840561
1588847161
1588848781
1588855381
1588868761
1588894621
1588898761
1588902361
1588912801
1588913581
1588916101
1588919461
1588928161
1588953541
1588958221
1589058601
1589086321
1589126760
1589133781
1589163241
1589177521
1589188081
1589216341
1589242681
1589314381
1589316241
1589363701
1589390101
1589416621
1589439661
1589459101
1589469721
1589470621
1589486521
1589508421
1589531221
1589543641
1589548981
1589555461
1589586421
