1587998839
1588002739
1588012039
1588015279
1588018519
1588025479
1588028239
1588037959
1588040779
1588048039
1588055179
1588065079
1588101139
1588119319
1588161079
1588167439
1588188199
1588200259
1588202779
1588218379
1588233678
1588234879
1588247539
1588249099
1588253899
1588264939
1588272439
1588277419
1588278138
1588321999
1588357219
1588371079
1588371679
1588372099
1588373959
1588379059
1588383979
1588385479
1588392919
1588398559
1588402159
1588404379
1588411819
1588437019
1588440798
1588449139
1588473499
1588479499
1588479619
1588492399
1588492459
