1588004505
1588006305
1588009665
1588048305
1588064505
1588089465
1588089525
1588090125
1588093065
1588093725
1588104765
1588127805
1588137525
1588148385
1588178565
1588178865
1588186425
1588186485
1588188585
1588193565
1588214985
1588221825
1588240965
1588250205
1588254225
1588261245
1588269105
1588287705
1588292265
1588296345
1588310865
1588330005
1588344945
1588351065
1588353465
1588378365
1588389165
1588395345
1588415205
1588418805
1588419405
1588424985
1588448025
1588468005
1588469625
1588477185
