1588009870
1588021930
1588038670
1588044670
1588046170
1588048030
1588056850
1588058170
1588060810
1588077250
1588077310
1588095610
1588099270
1588119250
1588133890
1588135690
1588139350
1588146550
1588149190
1588164730
1588170730
1588171990
1588182850
1588195510
1588209970
1588246990
1588253830
1588267390
1588307290
1588326790
1588334290
1588341430
1588346590
1588353070
1588369690
1588375690
1588400710
1588421170
1588436170
1588436770
1588440670
1588471390
1588473490
1588475350
1588492690
1588495870
1588499590
1588501869
1588511890
1588518010
1588522330
1588524670
1588541410
1588545070
1588553410
1588563970
1588572910
1588582810
1588584610
1588605130
1588608970
1588618330
1588620430
1588625590
1588633450
1588636809
1588642930
1588643530
1588660270
1588674610
1588674910
1588681150
1588703230
1588723030
1588729210
1588733170
1588734370
1588736710
1588762990
1588794730
1588799650
1588829290
1588833010
1588838890
1588842189
1588866910
1588868530
1588871170
1588888330
1588899670
1588907830
1588914490
1588954690
1588959970
1588990030
1589017810
1589023090
1589053330
1589056030
1589068330
1589132170
1589139130
1589144590
1589153170
1589173810
1589213830
1589219110
1589237410
1589253970
1589305570
1589305630
1589314450
1589368450
1589379670
1589379730
1589428990
1589432710
1589442910
1589527870
1589573110
1589608390
1589613670
1589628370
1589637070
1589647930
1589655910
