1588007196
1588009776
1588014936
1588016976
1588022376
1588033415
1588040796
1588073376
1588081236
1588091916
1588132116
1588140996
1588157136
1588162896
1588164696
1588166616
1588178916
1588198656
1588205196
1588215576
1588219176
1588226376
1588244256
1588244676
1588245396
1588257576
1588270536
1588280316
1588290576
1588307016
1588316436
1588330896
1588334916
1588341515
1588342356
1588343376
1588349436
1588367796
1588367916
1588383756
1588384896
1588391016
1588393596
1588393716
1588397196
1588404156
1588413636
1588426296
1588446396
1588456596
1588459656
1588473036
1588485276
1588491336
1588494216
1588513536
1588524996
1588546476
1588548336
1588554756
1588573416
1588575216
1588577076
1588579056
1588586376
1588641876
1588645176
1588650576
1588650636
1588655136
1588658376
1588665516
1588683036
1588684476
1588687776
1588695696
1588698336
1588716096
