1587999226
1588048606
1588062646
1588062886
1588086226
1588117486
1588128466
1588128526
1588129426
1588132126
1588145866
1588167346
1588173766
1588196926
1588201906
1588202746
1588204605
1588231846
1588249966
1588250986
1588251046
1588257586
1588260046
1588278946
1588279906
1588279966
1588295506
1588298086
1588300066
1588305406
1588305526
1588325326
1588338226
1588341526
1588344166
1588351426
1588358026
1588367806
1588386526
1588413826
1588422706
1588425166
1588432486
1588438906
1588439026
1588444726
1588445386
