1587999099
1588020459
1588025499
1588065039
1588070079
1588075479
1588078238
1588082739
1588082799
1588084599
1588099239
1588112079
1588132719
1588134338
1588135719
1588139379
1588149219
1588153839
1588166559
1588170159
1588181019
1588188279
1588193619
1588199199
1588202799
1588224579
1588229919
1588240719
1588248459
1588249179
1588251999
1588253859
1588255119
1588260159
1588261239
1588262439
1588272459
1588276179
1588283619
1588290819
1588291899
1588301799
1588305459
1588333119
1588343079
1588349439
1588361319
1588364499
1588374039
1588380699
1588383339
1588400259
1588424979
1588431579
1588447239
1588448019
1588449099
1588451559
1588452879
