1588003798
1588015138
1588025518
1588038718
1588038958
1588068118
1588075438
1588076278
1588097458
1588108018
1588108378
1588121158
1588124518
1588124878
1588130278
1588135978
1588136038
1588137538
1588150138
1588150858
1588153798
1588179237
1588200958
1588204618
1588217278
1588250638
1588269058
1588269118
1588272658
1588279978
1588283638
1588290958
1588310038
1588317838
1588340458
1588359778
1588400458
1588423078
1588430638
1588443598
1588477858
1588479118
1588503718
1588511337
1588530478
1588539778
1588545178
1588546978
1588554538
1588559997
1588564078
1588577878
1588579618
1588582798
1588586218
1588586338
1588590358
1588595818
1588607038
1588607518
1588625878
1588635238
1588635358
1588646818
1588648678
1588654078
1588659718
1588690678
1588696378
1588705078
1588719058
1588734358
1588735918
1588738198
1588744018
1588751818
1588757098
1588757578
1588766818
1588774858
1588781758
1588782718
1588809238
1588820758
1588850398
1588896958
1588912858
1588935358
1588947658
1588972378
1588982938
1588996498
1589004898
1589012338
1589017618
1589037118
1589060038
1589061298
1589080198
1589116498
1589128798
1589147938
1589153158
1589153218
1589170498
1589177338
1589179077
1589179858
1589193358
1589200258
1589263318
1589284438
1589294458
1589303878
1589354338
1589398378
