1588001014
1588005753
1588018653
1588029754
1588033714
1588037014
1588046194
1588049854
1588060114
1588076674
1588092814
1588095574
1588096354
1588109674
1588112074
1588147654
1588150834
1588175673
1588184734
1588191874
1588195534
1588197334
1588203514
1588228174
1588242693
1588251814
1588254214
1588274314
1588294714
1588298134
1588344154
1588386994
1588387234
1588392214
1588400374
1588408054
1588416933
1588431574
1588431874
1588436134
1588438534
1588440154
1588448074
1588477234
1588486894
1588487794
1588503214
1588507054
1588511254
1588518634
1588520674
1588522354
1588535674
1588541254
1588548814
1588571554
1588578094
1588595674
1588597714
1588639114
1588648774
1588658074
1588660294
1588661914
1588662274
1588664254
1588669594
1588683154
1588684294
1588689754
1588699714
1588700193
1588718254
1588743994
1588745614
1588747894
1588759294
1588759354
1588761214
1588762894
1588774834
1588779874
1588781074
1588782754
1588783774
1588787913
1588793434
1588804474
1588807594
1588812754
1588819114
1588819893
1588850434
1588860334
1588861954
1588863094
1588865254
1588871854
1588874674
1588883434
1588896334
1588899574
1588904254
1588951054
1589012494
1589045974
1589052514
1589064814
1589065654
1589070094
1589070934
1589076214
1589082934
1589089834
