1588000491
1588010631
1588015431
1588056531
1588076571
1588091931
1588104531
1588124451
1588128471
1588185291
1588200951
1588210011
1588244331
1588250931
1588252851
1588255131
1588263111
1588316211
1588317951
1588320111
1588331211
1588340511
1588349691
1588375191
1588383411
1588390971
1588391031
1588396491
1588408131
1588435011
1588438011
1588439031
1588441791
1588447191
1588449171
1588460451
1588460751
1588491471
1588494171
1588494351
1588503771
1588504851
1588518651
1588520031
1588526091
1588529871
1588530291
1588531971
1588543071
1588564731
1588586271
1588592211
1588595871
1588610871
1588614111
1588614651
1588614951
1588623951
