1588000751
1588006151
1588027931
1588064471
1588073291
1588086431
1588107851
1588122011
1588157411
1588172291
1588177271
1588180211
1588185311
1588191851
1588198571
1588215071
1588217351
1588234991
1588237271
1588239911
1588247231
1588252031
1588263131
1588281731
1588286951
1588298171
1588323431
1588344191
1588361531
1588361651
1588382591
1588390931
1588419311
1588430231
1588458131
1588477871
1588496231
1588504991
1588546691
1588552451
1588561631
1588564031
1588566611
1588567571
1588582751
1588593191
1588599251
1588605251
1588609271
1588612751
1588614731
1588616531
1588616591
1588618451
1588627691
1588640951
1588641071
1588652531
1588654511
1588658171
1588677491
1588678211
1588683071
1588684751
1588701251
1588716311
1588729331
1588740551
1588748171
1588768211
1588768510
1588774811
1588810871
1588818011
1588824131
1588825691
1588832351
1588833971
1588847111
1588848791
1588862951
1588864931
1588878431
1588909571
1588916111
1588938731
1589010731
1589041331
1589070791
1589075891
1589098751
1589102171
1589112731
1589134151
1589149631
1589215631
1589223311
1589229731
1589236751
1589241671
1589241971
