1588002470
1588007090
1588012130
1588020470
1588026110
1588032110
1588045310
1588051910
1588053530
1588074950
1588084610
1588091090
1588092710
1588112090
1588117910
1588134050
1588136030
1588159250
1588195310
1588198610
1588233230
1588233350
1588248410
1588288610
1588290890
1588307150
1588308710
1588310869
1588318310
1588329350
1588332650
1588333310
1588334930
1588343270
1588347890
1588351430
1588359890
1588372610
1588400270
1588402430
1588405910
1588410410
1588415090
1588418570
1588457870
1588464050
1588468010
1588497950
1588499870
1588499990
1588503650
1588505570
1588508150
1588512350
1588513130
1588516850
1588543370
1588558310
1588560290
1588567610
1588571510
1588577150
1588612370
1588620830
1588639190
1588644950
1588647950
1588648730
1588653230
1588654430
1588666130
1588672910
1588692470
1588701350
1588702190
1588705790
1588706990
1588709690
1588720010
1588720250
1588742450
1588746410
1588755650
1588779830
1588796030
1588804850
1588833050
1588837250
1588840550
1588842530
1588863590
1588863650
1588864850
1588868750
1588870910
1588885850
1588886690
1588891370
1588893349
1588906130
1588956530
1588972370
1588977589
1588993550
1589003690
1589019530
1589024810
1589031230
1589044190
1589054270
1589100890
1589109470
1589130410
1589137370
1589142650
1589177390
1589187890
1589194910
1589227970
1589317970
1589333210
1589363930
1589388470
1589406050
1589413190
1589420030
1589428310
1589443190
