1588013992
1588027132
1588029772
1588033432
1588058032
1588058992
1588069972
1588080952
1588104712
1588121152
1588150552
1588170652
1588195372
1588213492
1588215472
1588220152
1588268632
1588268752
1588297192
1588301812
1588314592
1588314652
1588325692
1588327552
1588328392
1588331272
1588373452
1588377712
1588380472
1588389052
1588433272
1588448031
1588448152
1588450972
1588453072
1588454572
1588460632
1588486912
1588507552
1588518532
1588532092
1588536892
1588545112
1588558432
1588561432
1588565812
1588568272
1588569892
1588579732
1588588492
