1588003901
1588013381
1588031621
1588046201
1588054721
1588056821
1588058981
1588069361
1588071701
1588073261
1588108361
1588137701
1588157561
1588213601
1588267301
1588275341
1588285421
1588289681
1588291001
1588320041
1588323461
1588323821
1588325321
1588339781
1588344161
1588349681
1588352981
1588368041
1588371161
1588378361
1588385261
1588390901
1588391141
1588396661
1588402361
1588411721
1588425281
1588427861
1588428581
1588435241
1588454861
1588469741
1588484381
1588484501
1588484621
1588486061
1588488761
1588498061
1588499561
1588501781
1588521941
1588526201
1588528301
1588538321
1588554941
1588562141
1588563281
1588574441
1588584461
1588593881
1588593941
1588610621
1588612840
1588637201
1588648721
1588661501
1588663481
1588676441
1588682621
1588686281
