1588022313
1588042593
1588058493
1588060773
1588071813
1588074633
1588081653
1588094673
1588099773
1588104753
1588109493
1588115733
1588120893
1588121193
1588125333
1588140933
1588148313
1588155573
1588157433
1588224873
1588224993
1588226373
1588238013
1588242873
1588277253
1588283613
1588287213
1588311033
1588320153
1588323813
1588325073
1588326633
1588368333
1588393833
1588395333
1588409913
1588421193
1588430613
1588438113
1588448013
1588458513
1588459533
1588461213
1588462293
1588464213
1588467873
1588471713
1588477173
1588479093
1588490672
1588521813
1588521933
1588524573
1588537593
1588555053
1588556433
1588565853
1588592133
1588592793
1588597833
1588612773
1588624053
1588644933
1588652073
1588656213
1588661613
1588668273
1588669892
1588674813
1588681173
1588688853
1588690773
1588692393
1588712552
1588719093
1588720773
1588725693
1588728993
1588742553
1588747953
1588766553
1588773513
1588792953
1588799553
1588801053
1588808673
1588814133
1588814193
1588822413
1588834893
1588838913
1588848753
1588875153
1588878453
1588881813
1588889673
1588902393
1588906173
1588909713
1588909893
1588913553
1588913613
1588931673
1588940493
1588988193
1589017773
1589074953
1589107713
1589111433
1589151453
1589233173
1589243433
1589256273
1589259573
1589266593
1589296713
1589349753
1589352573
1589377233
1589398893
1589407893
1589425293
1589425653
1589445033
1589446593
