1588002856
1588009816
1588013655
1588020136
1588035256
1588035376
1588039576
1588051876
1588060816
1588087876
1588132096
1588135696
1588137676
1588152016
1588168396
1588170316
1588172296
1588176916
1588190056
1588220956
1588236256
1588252576
1588263076
1588270876
1588276216
1588278076
1588282396
1588285456
1588305376
1588320196
1588327516
1588329376
1588336576
1588349416
1588359556
1588369456
1588376716
1588400416
1588408396
1588418716
1588420396
1588421116
1588421176
1588424956
1588440676
1588455076
1588461196
1588467976
1588472836
1588475416
1588497556
1588501756
1588520416
1588529836
1588533976
1588564036
1588573396
1588576096
1588576216
1588579036
1588622176
1588643416
1588646596
1588650136
1588661356
1588671256
1588679236
1588686976
1588702876
1588703356
